## Test script

x <- 10
y <- 11
z <- 14
